1.084214604511004154e+00
1.083965172070456173e+00
1.083662954093378428e+00
1.083564806904462774e+00
1.083355630437439876e+00
1.083331878637945778e+00
1.083287136021725550e+00
1.083117491877504612e+00
1.082933117174600390e+00
1.082916283235953792e+00
1.082851268509332332e+00
1.082792861708415932e+00
1.082629852866711095e+00
1.082561766125708536e+00
1.082486676599641040e+00
1.082411478756193146e+00
1.082265107855778785e+00
1.082185588233336437e+00
1.082117713010840143e+00
1.082035859295979785e+00
1.081929317671107338e+00
1.081814253590890784e+00
1.081719278289274833e+00
1.081670587011753115e+00
1.081583053718869536e+00
1.081486756802358951e+00
1.081443436672578473e+00
1.081409357462713938e+00
1.081356141207560073e+00
1.081320966704284903e+00
1.081302740554553887e+00
1.081238697228005252e+00
1.081189355126238150e+00
1.081110233425347067e+00
1.081059911662115791e+00
1.080940836903853564e+00
1.080890627290397754e+00
1.080817067043801538e+00
1.080793508921492618e+00
1.080700272438650300e+00
1.080657545990920232e+00
1.080630419908261919e+00
1.080571969386449727e+00
1.080501782152525569e+00
1.080445541067826198e+00
1.080418575785387469e+00
1.080385814280553358e+00
1.080307020564797993e+00
1.080295492822536119e+00
1.080268857050015185e+00
1.080189706943008865e+00
1.080128560980492924e+00
1.080094252450777725e+00
1.080019138938930423e+00
1.079944846558551497e+00
1.079878897510440527e+00
1.079828247330964830e+00
1.079798978335450466e+00
1.079755099381964012e+00
1.079726657227299658e+00
1.079673135079555202e+00
1.079636973376093101e+00
1.079625152790074427e+00
1.079612116961139234e+00
1.079567358164631008e+00
1.079542674509942346e+00
1.079509323940042842e+00
1.079486428822951094e+00
1.079471212635251698e+00
1.079444304974012336e+00
1.079421724735826871e+00
1.079399865351247101e+00
1.079384293749287016e+00
1.079304422060716639e+00
1.079246628440541089e+00
1.079221456421998182e+00
1.079184145541817852e+00
1.079171549441372058e+00
1.079152909340172606e+00
1.079151959256160476e+00
1.079136794146193346e+00
1.079099225902038439e+00
1.079093290079389478e+00
1.079039726683640898e+00
1.079035409572402626e+00
1.079023902635260601e+00
1.079009800206563119e+00
1.078982093113463936e+00
1.078944011877039255e+00
1.078916262406343973e+00
1.078884265523718522e+00
1.078863489820368837e+00
1.078837049594963515e+00
1.078807001614536132e+00
1.078790166174737664e+00
1.078773452472308936e+00
1.078757071616519569e+00
1.078737568345850661e+00
1.078734818066704904e+00
1.078725684733223833e+00
1.078689203536234098e+00
1.078661771970563343e+00
1.078650138942796488e+00
1.078645169249419888e+00
1.078640572268197761e+00
1.078617331288227454e+00
1.078616842058649938e+00
1.078587506805342988e+00
1.078567609649241366e+00
1.078530971037938269e+00
1.078525392485051526e+00
1.078508512238811390e+00
1.078500329195958285e+00
1.078472327150807653e+00
1.078455272940409548e+00
1.078450181840058697e+00
1.078434030019527423e+00
1.078432699545325057e+00
1.078401331882820946e+00
1.078398780264780310e+00
1.078388831407803394e+00
1.078370497009838669e+00
1.078350689599751666e+00
1.078344410427319211e+00
1.078314139881897393e+00
1.078288774057853727e+00
1.078268616499511667e+00
1.078250863691291084e+00
1.078236940713072300e+00
1.078205797345012318e+00
1.078204328126074030e+00
1.078179927632596291e+00
1.078175551919875685e+00
1.078160192173742038e+00
1.078157728432694418e+00
1.078132770254606854e+00
1.078112167809725408e+00
1.078097499981515828e+00
1.078064367340580976e+00
1.078050014020191627e+00
1.078022829915458836e+00
1.078012742502745702e+00
1.077999527556082748e+00
1.077984060332440874e+00
1.077982320832230556e+00
1.077972844777835393e+00
1.077952480264617208e+00
1.077930264788036441e+00
1.077926247610479393e+00
1.077916314748450288e+00
1.077903599708339266e+00
1.077884900182864092e+00
1.077874085492356082e+00
1.077869866587116032e+00
1.077859327220958674e+00
1.077831939788054472e+00
1.077828447935485157e+00
1.077817591644822492e+00
1.077806977576661440e+00
1.077794840922323472e+00
1.077783342594738070e+00
1.077779330336404495e+00
1.077764192662290510e+00
1.077751295562868084e+00
1.077734284603090842e+00
1.077724044638912693e+00
1.077707789990872245e+00
1.077696720229085692e+00
1.077688290967720786e+00
1.077669864150181844e+00
1.077651021788162744e+00
1.077637230586286021e+00
1.077626773849032826e+00
1.077612838616393898e+00
1.077598558591791322e+00
1.077589269043108366e+00
1.077579353486084690e+00
1.077567785515843868e+00
1.077550116598773311e+00
1.077546215811653996e+00
1.077539225029828573e+00
1.077530247531087726e+00
1.077513176857619381e+00
1.077505422319429584e+00
1.077500621743051612e+00
1.077489308142578484e+00
1.077465923380845236e+00
1.077447240373560211e+00
1.077438727303316801e+00
1.077420735212707870e+00
1.077417346483150906e+00
1.077411696640515171e+00
1.077403360565317270e+00
1.077401384569673715e+00
1.077397707386180015e+00
1.077380649120535994e+00
1.077369212869870641e+00
1.077348531271330900e+00
1.077344704537124498e+00
1.077334489525518357e+00
