6.714623919272012520e-01
6.745247659604998169e-01
6.722746890025149691e-01
6.746003340285383620e-01
6.570593632074381851e-01
6.641484536004089723e-01
6.656568635007020784e-01
6.654678008973438086e-01
6.729280618144433124e-01
6.585454580055567497e-01
6.591938155551396727e-01
6.644215858307467304e-01
6.558088811532125639e-01
6.490454115056444317e-01
6.550849975153700822e-01
6.562387251748798001e-01
6.488482357546832002e-01
6.438101238079548816e-01
6.337517186361312227e-01
6.569732796596425839e-01
6.533737917132848017e-01
6.338197697688092713e-01
6.476400703508000678e-01
6.300423164428160527e-01
6.361211263722730269e-01
6.428580476999175009e-01
6.461083515605312577e-01
6.245484673975723044e-01
6.331672456506037827e-01
6.397131400744000551e-01
6.403888017216630146e-01
6.516281768728851009e-01
6.536996165385586810e-01
6.268326954744435353e-01
6.504309488831533370e-01
6.474013116016489322e-01
6.363539221905620824e-01
6.345942025925155328e-01
6.298200061104255454e-01
6.495217477386360239e-01
6.356080292648346175e-01
6.241036876703078828e-01
6.073477800084086109e-01
6.339684492107585667e-01
6.339165041066286976e-01
6.135907041883696955e-01
6.164981159790221543e-01
6.078073117779316803e-01
6.156737677485405458e-01
6.332877041560562859e-01
6.234905945350250889e-01
5.952501079011081053e-01
6.072325518828478597e-01
6.042515561133354751e-01
6.312692387895313395e-01
6.189221151470143401e-01
6.235817595860384532e-01
6.059191756906026072e-01
6.145446200751927268e-01
6.039255580759248510e-01
6.004019573158643208e-01
6.252345370990266549e-01
6.341932663480813748e-01
6.151547273382786951e-01
6.015939674074155530e-01
6.194815089118852480e-01
6.334994808877895123e-01
6.109890115141847211e-01
6.198293550052030865e-01
6.375878484934494050e-01
5.982555211749072122e-01
6.188825481849720145e-01
6.287025924006349742e-01
6.302252578256422044e-01
6.086383934439336674e-01
6.102309351975894192e-01
6.498629805415774285e-01
6.000987399259324340e-01
6.093566378201962230e-01
6.138807493838156493e-01
6.202658898189199466e-01
5.996256868910061488e-01
6.209505834501045651e-01
6.164945127032124272e-01
6.151503002738638592e-01
6.110121117964268933e-01
6.087800931477111988e-01
6.026232305692347246e-01
5.846807881638422799e-01
6.296366819857193153e-01
6.073227461663270876e-01
6.037738247409549786e-01
5.963341618863233773e-01
6.266179067107759959e-01
5.731460578397296057e-01
5.941101721916921541e-01
5.765708807357594612e-01
6.287112023135610350e-01
6.241647318045389081e-01
6.255723897652805121e-01
6.240597742402844705e-01
5.719087241682334621e-01
6.119347443192605374e-01
6.008513134685795620e-01
6.506330220960008237e-01
6.324753470176582848e-01
5.921063980795816528e-01
6.055413610746328557e-01
5.766229173507133599e-01
6.000623983849495691e-01
5.937344252828369306e-01
6.190123284537044634e-01
6.130560010701537887e-01
6.139529608039278052e-01
5.999826299852077938e-01
6.082614340273558851e-01
6.081178051905447024e-01
5.862533463922674493e-01
5.973499796534498252e-01
5.750667835528476823e-01
6.010906907599120608e-01
5.906059618224035468e-01
5.902083313117121310e-01
5.967266452160466805e-01
5.834305890154407592e-01
6.166912452249858623e-01
5.917039234000098791e-01
6.225040188052168855e-01
5.980817670107390072e-01
5.920179080032473840e-01
5.851364383352105625e-01
5.718045132551169418e-01
5.922727457566606679e-01
5.771038403545719619e-01
5.899890740698678915e-01
6.081750100107272683e-01
5.726227958996701339e-01
6.013243813180046971e-01
5.787681368753603284e-01
6.036578119868594161e-01
5.972554887052665684e-01
5.486428001912557750e-01
5.686453627969146885e-01
6.006045302221384441e-01
5.583045759518590057e-01
5.971904285926371569e-01
5.776727189405308494e-01
5.717953775375087533e-01
6.015622889225112901e-01
6.036052374811264887e-01
