6.747079626556898857e-01
6.723190181582141545e-01
6.736742573185443561e-01
6.717358391441157206e-01
6.717543738720389568e-01
6.715353646214755612e-01
6.544659663922023363e-01
6.582899747478574426e-01
6.705852274930366175e-01
6.667389970145987110e-01
6.633457122284512897e-01
6.571243480529005421e-01
6.595880335302908293e-01
6.630941527845131134e-01
6.621687169201193601e-01
6.579006057239058514e-01
6.670173825189724681e-01
6.681042229401097376e-01
6.490738886411623332e-01
6.570084663791670998e-01
6.530700246077658644e-01
6.613190285715897510e-01
6.440569401932121352e-01
6.404175021658436995e-01
6.446357179815077609e-01
6.343610456467931868e-01
6.331575992900096983e-01
6.330021907305745099e-01
6.472087728505673265e-01
6.427430197093144670e-01
6.557584070301779589e-01
6.454995885168707259e-01
6.367760455369608774e-01
6.453758921589687336e-01
6.251153895664598448e-01
6.204303966359003830e-01
6.523340463482103502e-01
6.278948145556388916e-01
6.411553804637624143e-01
6.388621173633461936e-01
6.163289330831630553e-01
6.319395036234013441e-01
6.097920392057656347e-01
6.062791243265350793e-01
6.408371290357171013e-01
6.445494550605700423e-01
6.087331818653491933e-01
6.451698412503743540e-01
6.296758689535282283e-01
5.986634884059622852e-01
6.106615771608774335e-01
6.453513589744332979e-01
6.260869905116872580e-01
6.354594586232378273e-01
6.179995829218405401e-01
6.106565505686953887e-01
5.929778259629436832e-01
6.141429519403049930e-01
6.155330978695395805e-01
6.282780523258983951e-01
6.116307657526141028e-01
6.041842063694666809e-01
6.409742020982405197e-01
6.287848903654277288e-01
6.172941195798564706e-01
6.131186437258727695e-01
6.225796845781037536e-01
6.164855696554782938e-01
6.272673570630062923e-01
6.031986746057862447e-01
6.474033502428109266e-01
6.077162564785516530e-01
6.230603521446735904e-01
6.227987678601401011e-01
5.863859556133954598e-01
6.023917022239261287e-01
5.665748580601454032e-01
6.141621837618744806e-01
6.032051772173713244e-01
5.856962764073311289e-01
6.328769631141343277e-01
6.017306873312724402e-01
5.888392378539044625e-01
5.906249516201368399e-01
6.084577181802646173e-01
6.096851563495699899e-01
6.137451833709441917e-01
6.318610128077962740e-01
6.122557047053498458e-01
6.090641709907858026e-01
6.134494420427175632e-01
6.124497253845017086e-01
6.347885661906914612e-01
6.015886375505855588e-01
6.250045844207359202e-01
6.000670911010064223e-01
6.364195985834429914e-01
6.337593874667833971e-01
6.157878232591067480e-01
6.028495888763117927e-01
6.084099726817442377e-01
5.937561681000069758e-01
6.060403573890029705e-01
6.024579175590003555e-01
5.718135814892637558e-01
5.998618487471164551e-01
6.118229510343333732e-01
6.034095071162636215e-01
6.201262159330955814e-01
6.015660476716373495e-01
6.235854265159948007e-01
5.965776289338307059e-01
5.958979078667798746e-01
5.947734284096384272e-01
6.296614379156199037e-01
6.205576427849335275e-01
5.942829209032831628e-01
5.943790174875687171e-01
6.073542905206660292e-01
6.320713871771566073e-01
5.715886500404117054e-01
6.036491968204683589e-01
5.823720215233083586e-01
6.329975165655576941e-01
5.785121225398803801e-01
6.029890389444668708e-01
5.937123873726203316e-01
5.628131177496968895e-01
5.823214784829802149e-01
6.095096503803421051e-01
5.733717033027551091e-01
5.943916898911003610e-01
6.215178994161321135e-01
5.884489082861746878e-01
6.418691808334079374e-01
6.082731482693866099e-01
6.215712800561707940e-01
5.895973373936709283e-01
6.084509731545839628e-01
5.723846493869746421e-01
6.038375435735383601e-01
6.161974083867203245e-01
5.582314802936259035e-01
5.713510625122611986e-01
5.860854093811951326e-01
5.858920872316508710e-01
6.343857283870886210e-01
6.280845058976947115e-01
6.091607636849354357e-01
5.739547335974033437e-01
