6.803883218673834055e-01
6.751916161085925738e-01
6.666976611028480049e-01
6.576565060456669443e-01
6.717047790959552733e-01
6.658636187952657881e-01
6.648048024923384203e-01
6.649486178605485964e-01
6.582875466620883298e-01
6.640340251054523968e-01
6.592043106525580232e-01
6.488534364872401428e-01
6.514037239392613809e-01
6.503979525294316666e-01
6.480858422583815059e-01
6.539813950163146927e-01
6.581652930994476014e-01
6.631199323712589910e-01
6.483200136098085098e-01
6.273853319390705341e-01
6.356400495416887342e-01
6.474038003166991961e-01
6.482528343699454076e-01
6.688692812362955209e-01
6.585502167652135252e-01
6.582419687196883196e-01
6.622765330484579049e-01
6.715910336559405280e-01
6.564054734444102479e-01
6.402331897257840243e-01
6.447895352172352545e-01
6.256209987739083100e-01
6.292922960790989784e-01
6.446149275533900047e-01
6.451088308792128911e-01
6.303716222554209825e-01
6.186508959292740251e-01
6.351025297549486304e-01
6.338400027095014710e-01
6.117363970354078306e-01
6.450696094558833193e-01
6.420841254283010668e-01
6.516162637444919969e-01
6.317472586064190043e-01
6.075654974949151743e-01
6.270923957029719276e-01
6.331486776030824659e-01
6.186871663741135841e-01
6.126272784753079570e-01
6.230723757513865202e-01
6.385098023433558589e-01
6.065280356909674708e-01
6.326067891437059387e-01
6.345266039027104288e-01
6.327803424863158721e-01
6.096027998072263143e-01
6.561560193424387233e-01
6.263446625900188636e-01
6.012364894427824069e-01
6.131591765962645102e-01
6.272060465971378562e-01
6.278900618574506654e-01
5.914433854863757611e-01
5.923873356210218599e-01
6.090276833133647649e-01
6.311663436903749425e-01
6.254650654353282047e-01
6.473392492894447514e-01
6.158247456568193279e-01
6.166582981739963110e-01
5.965689238862780241e-01
6.187387656246965406e-01
6.039680602911294827e-01
6.177385402738984066e-01
6.043846246166120206e-01
6.454539941726747942e-01
6.351234681515870450e-01
6.319697923976409504e-01
6.190410531697809748e-01
6.116331152874607824e-01
6.109176667221638546e-01
6.192788911144393449e-01
6.207844593120378507e-01
6.150069313110912983e-01
6.237568261868258190e-01
6.403907901277807735e-01
5.940358811137866901e-01
6.113924041144391808e-01
5.825094135316908339e-01
6.035121116832071753e-01
6.197598411564035903e-01
6.259932601421466236e-01
5.907074230199791387e-01
5.934651493892417751e-01
6.419783449451093027e-01
5.950405859849816625e-01
6.437222295014657369e-01
5.547395259871273909e-01
6.319920687178118834e-01
5.910117394351050990e-01
6.170515137658700855e-01
6.450434210186837269e-01
5.981021736168583569e-01
5.990614783928396303e-01
6.094509868984924195e-01
5.830726582928331680e-01
6.378283911701518871e-01
5.777647337146420981e-01
6.356954554983511585e-01
6.068738765489534170e-01
5.952707173065914237e-01
6.018457400205703411e-01
6.186439902438380933e-01
5.987967256514377112e-01
6.083493448847976381e-01
6.003508583092591611e-01
5.972431385554823891e-01
5.841253241027821730e-01
6.018708326085266958e-01
5.856692514382423331e-01
6.035785758842584503e-01
6.106232398893005620e-01
5.681727248912162853e-01
6.068896313158765876e-01
6.197833377979586889e-01
5.847484630196618793e-01
6.125325309785483174e-01
5.962619289437720571e-01
6.173118650285750464e-01
6.075341692551925465e-01
5.562619504664336745e-01
6.009943867389828664e-01
5.945982201136246204e-01
5.929015718956656134e-01
5.573603786004029947e-01
5.664510324738096791e-01
6.032013615437470389e-01
5.951539207555515132e-01
5.817332378777476665e-01
5.957851815286971942e-01
5.915477942371037967e-01
6.247856174286749997e-01
6.064034006587850634e-01
5.533907376909725784e-01
6.037648535536257466e-01
5.610675680902401652e-01
5.704520840064251086e-01
5.790267848081922519e-01
6.020316304794346429e-01
5.959945157506119084e-01
