6.683298892375011402e-01
6.715702764774897915e-01
6.700516689696444095e-01
6.620247129673566544e-01
6.569828888427833302e-01
6.689089230400659947e-01
6.661914535598503218e-01
6.523925929627909515e-01
6.517213555187113538e-01
6.545454574050415530e-01
6.619468102339880478e-01
6.442561536003517109e-01
6.445490083509535229e-01
6.584057958484186290e-01
6.557219612618638838e-01
6.469550536002306451e-01
6.500720954781680216e-01
6.386356000523967236e-01
6.588393993444552343e-01
6.461233738006799676e-01
6.386790251772784810e-01
6.477676716614071406e-01
6.399828632350519353e-01
6.355814188360082717e-01
6.311854404763046489e-01
6.320048683762380382e-01
6.339171345176857209e-01
6.308444534173061058e-01
6.350013843137756187e-01
6.367349470773830955e-01
6.189762230885813565e-01
6.277871982079945568e-01
6.264815896916091642e-01
6.477939964893774105e-01
6.290255359775256405e-01
6.315572159188960200e-01
6.400186589782066449e-01
6.275807516077613890e-01
6.400332595721738294e-01
6.014615247252239616e-01
6.396207656100170169e-01
6.203223521705691912e-01
6.467122840229606595e-01
6.473216456749042447e-01
6.270842920478973959e-01
6.138862971495222531e-01
6.455878693133043633e-01
6.311016798559860863e-01
6.313902843181447011e-01
6.224598509812040437e-01
6.138429413097499232e-01
6.563339067777729241e-01
6.219145129666991956e-01
6.105111114012974349e-01
6.038439502977193118e-01
6.462474204212355078e-01
6.096445911237329263e-01
6.405599892001689888e-01
6.475165517590246722e-01
6.236864273257469726e-01
6.236763729383887345e-01
6.218518585281056499e-01
6.236493913513659892e-01
6.201862199475971504e-01
6.500465820179350818e-01
6.098664089069334437e-01
6.169537529370763274e-01
6.215505121165277869e-01
5.977868110772577293e-01
6.081719117780558514e-01
6.199661690298686745e-01
6.362885366627242245e-01
6.156878537582736177e-01
5.991302520686039301e-01
6.590401886129000353e-01
6.274011662359813002e-01
6.339594078235484265e-01
6.297398748394404944e-01
6.215392851199703639e-01
6.598170574062069971e-01
6.065325957074667595e-01
6.150052151804310530e-01
6.007962943684574952e-01
6.228688051613104903e-01
6.260511668859729539e-01
6.074199278388904277e-01
6.299742705668489595e-01
5.932675067891645115e-01
6.563514540116888174e-01
5.808446726583996744e-01
6.137769589212855870e-01
6.008239387574414447e-01
5.947624467040364404e-01
6.092379269851238011e-01
5.818669056500447301e-01
6.173703564880892447e-01
5.736973149265258698e-01
6.042601000309235637e-01
5.609980356181464289e-01
6.073327505296521878e-01
5.845409039610109936e-01
5.942042196084600381e-01
6.238281134778143056e-01
6.153734951010616516e-01
5.928118386127791961e-01
6.006996871234195901e-01
5.818330633257874362e-01
6.141663971671209588e-01
5.953101417060029377e-01
6.207998183733118847e-01
6.062308451420282962e-01
6.000852035272168372e-01
5.894199194724087931e-01
6.091283341539714957e-01
5.638274219196083292e-01
5.834671041624386323e-01
6.332218090004217981e-01
6.297698599041376966e-01
5.792308965394021847e-01
6.092098336631062150e-01
6.328210628867732002e-01
6.168399657506724587e-01
6.463231244885647708e-01
5.706270088157998632e-01
6.056913093224087774e-01
6.072778169578909591e-01
6.093262754594992447e-01
5.905074250849279283e-01
5.853682510141007267e-01
5.865499112228712564e-01
6.557664678966537153e-01
6.056538573589489438e-01
5.969426906284609480e-01
5.963594859252641101e-01
6.038928736514775908e-01
6.107679742591904937e-01
5.982465195537696179e-01
5.868187365419290646e-01
6.194084784353363071e-01
6.104148223247451988e-01
5.960039984222906817e-01
6.054969885347709635e-01
6.050103034921627820e-01
6.127156723167090924e-01
5.987861673442749222e-01
6.435199125645947316e-01
5.550078813648218201e-01
5.625636463764942530e-01
5.763307190802108293e-01
6.315385908183231978e-01
