6.660120814631187436e-01
6.688334174788247433e-01
6.525242732913352217e-01
6.497856267488064663e-01
6.560641424671923572e-01
6.449469871091064732e-01
6.514904790498231568e-01
6.528917302622748720e-01
6.445337650497531268e-01
6.414856042657123281e-01
6.352665751230757163e-01
6.450520749517731911e-01
6.339246875555503147e-01
6.257611094300252752e-01
6.306004307920720642e-01
6.308440398412904493e-01
6.232172249514745799e-01
6.120371875589674104e-01
6.300251086033582526e-01
6.084147766956939929e-01
6.215068557718157471e-01
6.137631785382853256e-01
6.202556941563459603e-01
6.268874842612038867e-01
6.241085520402169795e-01
6.157106466001899259e-01
6.024095838939140801e-01
6.064849903602766990e-01
6.054681415064391281e-01
5.999515556481839207e-01
6.013572370800428502e-01
6.015276795408184274e-01
6.021253045608770949e-01
5.959701114135272926e-01
5.807411701662219539e-01
6.115854810409443454e-01
5.729929848734934827e-01
5.883555989955239207e-01
5.790739426632103282e-01
6.050850201054762678e-01
5.584458406210619508e-01
5.788968137248149404e-01
5.843846306596607310e-01
5.788180410851604396e-01
5.837632247669812813e-01
5.777931533250502127e-01
5.685330143056006591e-01
5.633026367663633849e-01
5.799285513635714651e-01
6.011116139698506888e-01
5.811088520280922598e-01
5.458393850354505972e-01
5.559777450102272311e-01
5.622023200089152351e-01
5.535295478594615126e-01
5.536910813268964837e-01
5.609139882587323989e-01
5.630535678053152360e-01
5.773931235178724197e-01
5.727996768677416917e-01
5.786313537445966215e-01
5.707211552404649613e-01
5.468700118581620861e-01
5.837709581428889294e-01
5.575257206029612389e-01
5.567726457234450921e-01
5.321619992029182900e-01
5.209425713614058706e-01
5.749900006548601672e-01
5.594849817686002869e-01
5.610420734360955786e-01
5.394831730153750726e-01
5.448859890810396900e-01
5.455261676487929146e-01
5.559408996072875420e-01
5.231657630400572412e-01
5.349170550890501863e-01
5.323683748481966571e-01
5.552260283108860772e-01
5.236649518453333485e-01
5.232948311655394313e-01
5.769442602977084000e-01
5.764277627775644675e-01
5.513489108579023856e-01
5.528704107735264994e-01
5.223851898649569669e-01
5.460012161782956674e-01
5.458950866739744612e-01
5.483266274485133485e-01
5.629171460115321990e-01
5.131258369250403240e-01
5.179196220629698200e-01
5.618918294818123771e-01
5.430897549941895441e-01
5.402149896512493665e-01
5.616293161821261926e-01
5.194100806269517090e-01
5.405755000548446709e-01
5.120392951197310083e-01
5.329807083969541059e-01
5.315778522653541449e-01
5.535470998986554703e-01
5.151291641185924419e-01
5.217155552339727276e-01
5.060514135558618065e-01
5.354234938132487187e-01
5.193487480616455487e-01
5.390539594491328135e-01
4.972240501764819687e-01
5.095453270281417035e-01
5.027429369675393556e-01
5.153413842936822586e-01
5.240271013919357568e-01
5.269833087923694315e-01
5.433743059291467059e-01
5.203675529849217662e-01
4.944005629831998982e-01
5.264440473327687275e-01
5.448157926870191847e-01
5.319607762315592403e-01
5.201355733865405950e-01
5.027459852344343672e-01
5.461382273740821303e-01
4.980845425074530985e-01
5.381865494786000070e-01
5.095079336752795784e-01
4.947735769251596083e-01
5.430731915361514117e-01
5.092544383180671597e-01
4.904581621191830276e-01
5.286363911335718591e-01
5.176078759322928491e-01
4.810455979663145198e-01
5.499339577199529039e-01
4.992786588366005529e-01
4.966690197141043761e-01
4.883857763991927281e-01
5.282810605804107995e-01
4.973479291296548643e-01
5.102145099221464530e-01
5.011695504649980037e-01
4.762967011984091115e-01
5.558564795108855705e-01
5.525278102749741072e-01
5.458246967265368843e-01
4.968865836298239635e-01
5.410899436339721147e-01
5.417444907462479753e-01
4.887128187634620091e-01
4.664388178007882746e-01
